  Pipes     Wait Time (ms)    Bytes     Time (ms)    Bytes per Second
------------------------------------------------------------------------
    1             1            100        8910             11
    1             2            100        17167            6
    1             3            100        9540            10
    1             4            100        12504            8
    1             5            100        128702            1
    1             6            100        22671            4
    1             7            100        37360            3
    1             8            100        42075            2
    1             9            100        33213            3
    1             10            100        17476            6
